#RESTART

# To be used to force reconstruction of periodic boundary conditions
WHOLEMOLECULES ENTITY0=511,530,554,573,592,614,658,678,700,741,763,779,798,805,816,823,833,853,860,874,890,911,933,940,959,1113,1140,1146,1162,1172,1191,1213,1228,1247,1271,1286,1296,1310,1329,1335,1357,1367,1381,1403,1418,1437,1456,1468,1483,1493,1514,1530,1547,1624,1641,1657,1668,1692,1711,1730,1737,1756,1767,1786,1800,1811,1825,1841,1858,1877,1896,1910,1927,1946,1971,1977,1997,2004,2015,2034,2053,2065,2086,2102,2126,2141,2158,2206,2281,2333,2357,2640,2657,2681,2693,2712,2722,2732,2756,2770,2786,2805,2821,2843,2865,2871,2888,2905,2921,2943,2962,2976,2988,3008,3015,3034,3044,3066,3085,3104,3111,3236,3251,3258,3265,3287,3311,3317,3336,3358,3382,3684,3695,3723,3739,3753,3769,3793,3808,3827,3844,3858,3878,3885,3896,5366,5378,5393


d1: DISTANCE ATOMS=1668,5675
lig: COM ATOMS=5655,5656,5657,5658,5659,5660,5661,5662,5663,5664,5665,5666,5667,5668,5669,5670,5671,5672,5673,5674,5675,5676,5677,5678,5679,5680,5681,5682,5683,5684,5685,5686,5687,5688,5689,5690,5691,5692,5693,5694,5695,5696,5697,5698,5699,5700,5701,5702,5703,5704,5705,5706,5707,5708,5709,5710,5711,5712,5713,5714,5715,5716,5717,5718,5719,5720

fps: FUNNEL_PS LIGAND=lig REFERENCE=alignment.pdb ANCHOR=1668 POINTS=4.8001,5.8415,5.5905,4.6961,5.6625,3.7855
rmsd: RMSD REFERENCE=alignment.pdb TYPE=OPTIMAL

FUNNEL ARG=fps.lp,fps.ld ZCC=2.8 ALPHA=0.5 RCYL=0.1 MINS=-0.5 MAXS=3.7 KAPPA=35100 NBINS=500 NBINZ=500 FILE=../BIAS LABEL=funnel WALKERS_MPI
METAD ARG=d1 SIGMA=0.01 HEIGHT=2.0 PACE=500 TEMP=300 BIASFACTOR=20 GRID_MIN=0.0 GRID_MAX=4.0 GRID_WFILE=grid_w.dat GRID_WSTRIDE=250000 FILE=../mw_0/HILLS LABEL=metad WALKERS_MPI 
LOWER_WALLS ARG=fps.lp AT=-0.3 KAPPA=500000 EXP=2 OFFSET=0 LABEL=lwall
UPPER_WALLS ARG=rmsd AT=0.09 KAPPA=500000 EXP=2 OFFSET=0 LABEL=uwall-rmsd
UPPER_WALLS ARG=fps.lp AT=3.4 KAPPA=500000 EXP=2 OFFSET=0 LABEL=uwall
UPPER_WALLS ARG=d1 AT=3.8 KAPPA=500000 EXP=2 OFFSET=0 LABEL=distwall

PRINT STRIDE=500 ARG=* FILE=../COLVAR

